Bandwidth (upload + download, MiB), per (scheme, block).
log2N reindexed 1..K within each block; each line: (idx, total_MiB).

=== SimplePIR ===
  4kb:
    (1, 7.898)
    (2, 11.258)
    (3, 16.049)
    (4, 22.880)
    (5, 32.627)
    (6, 46.530)
    (7, 66.370)
  8kb:
    (1, 5.542)
    (2, 7.898)
    (3, 11.258)
    (4, 16.048)
    (5, 22.880)
    (6, 32.625)
    (7, 46.530)
  16kb:
    (1, 7.898)
    (2, 11.258)
    (3, 16.047)
    (4, 22.878)
    (5, 32.624)
    (6, 46.527)
    (7, 66.365)
  64kb:
    (1, 7.899)
    (2, 11.256)
    (3, 16.047)
    (4, 22.878)
    (5, 32.624)
    (6, 46.519)
    (7, 66.359)

=== InsPIRe ===
  4kb:
    (1, 3.852)
    (2, 7.352)
    (3, 7.539)
    (4, 14.539)
    (5, 14.914)
    (6, 28.914)
    (7, 29.664)
  8kb:
    (1, 2.102)
    (2, 3.852)
    (3, 4.039)
    (4, 7.539)
    (5, 7.914)
    (6, 14.914)
    (7, 15.664)
  16kb:
    (1, 2.289)
    (2, 4.039)
    (3, 4.414)
    (4, 7.914)
    (5, 8.664)
    (6, 15.664)
    (7, 17.164)
  64kb:
    (1, 1.789)
    (2, 2.664)
    (3, 3.414)
    (4, 5.164)
    (5, 6.664)
    (6, 10.164)
    (7, 13.164)

=== VIA ===
  4kb:
    (1, 0.675)
    (2, 0.690)
    (3, 0.705)
    (4, 0.760)
    (5, 0.775)
    (6, 0.790)
    (7, 0.805)
  8kb:
    (1, 0.627)
    (2, 0.682)
    (3, 0.697)
    (4, 0.712)
    (5, 0.727)
    (6, 0.783)
    (7, 0.798)
  16kb:
    (1, 0.672)
    (2, 0.727)
    (3, 0.742)
    (4, 0.757)
    (5, 0.772)
    (6, 0.828)
    (7, 0.843)
  64kb:
    (1, 0.911)
    (2, 0.926)
    (3, 0.941)
    (4, 0.997)
    (5, 1.012)
    (6, 1.027)
    (7, 1.042)

=== Piano ===
  4kb:
    (1, 64.027)
    (2, 90.549)
    (3, 128.059)
    (4, 181.108)
    (5, 256.125)
    (6, 362.227)
    (7, 512.266)
  8kb:
    (1, 64.013)
    (2, 90.527)
    (3, 128.027)
    (4, 181.057)
    (5, 256.059)
    (6, 362.127)
    (7, 512.125)
  16kb:
    (1, 128.013)
    (2, 181.035)
    (3, 256.027)
    (4, 362.073)
    (5, 512.059)
    (6, 724.167)
    (7, 1024.125)
  64kb:
    (1, 256.006)
    (2, 362.071)
    (3, 512.013)
    (4, 724.082)
    (5, 1024.027)
    (6, 1448.166)
    (7, 2048.059)

=== RMS ===
  4kb:
    (1, 9.168)
    (2, 12.104)
    (3, 17.121)
    (4, 22.713)
    (5, 32.125)
    (6, 42.774)
    (7, 60.500)
  8kb:
    (1, 9.856)
    (2, 12.941)
    (3, 18.309)
    (4, 24.166)
    (5, 34.184)
    (6, 45.338)
    (7, 64.125)
  16kb:
    (1, 19.700)
    (2, 25.863)
    (3, 36.590)
    (4, 48.291)
    (5, 68.309)
    (6, 90.588)
    (7, 128.125)
  64kb:
    (1, 42.631)
    (2, 55.634)
    (3, 78.763)
    (4, 103.394)
    (5, 146.277)
    (6, 193.041)
    (7, 273.059)

=== Escape ===
  4kb:
    (1, 2.525)
    (2, 2.523)
    (3, 4.525)
    (4, 8.529)
    (5, 8.525)
    (6, 16.529)
    (7, 16.525)
  8kb:
    (1, 1.043)
    (2, 1.544)
    (3, 2.546)
    (4, 2.544)
    (5, 4.546)
    (6, 8.550)
    (7, 8.546)
  16kb:
    (1, 1.084)
    (2, 1.585)
    (3, 2.587)
    (4, 2.585)
    (5, 4.587)
    (6, 8.591)
    (7, 8.587)
  64kb:
    (1, 1.081)
    (2, 1.332)
    (3, 1.331)
    (4, 1.832)
    (5, 2.834)
    (6, 2.832)
    (7, 4.834)
