Compute delay (client_qgen + server, seconds), per (scheme, block).
log2N reindexed 1..K within each block; each line: (idx, total_s).
Piano / RMS = 0 (OO-PIR, bandwidth-only, no compute model).

=== SimplePIR ===
  4kb:
    (1, 14.606)
    (2, 28.599)
    (3, 56.315)
    (4, 111.375)
    (5, 220.964)
    (6, 439.378)
    (7, 875.123)
  8kb:
    (1, 7.516)
    (2, 14.606)
    (3, 28.599)
    (4, 56.311)
    (5, 111.371)
    (6, 220.959)
    (7, 439.374)
  16kb:
    (1, 14.606)
    (2, 28.599)
    (3, 56.311)
    (4, 111.362)
    (5, 220.950)
    (6, 439.365)
    (7, 875.118)
  64kb:
    (1, 14.558)
    (2, 28.582)
    (3, 56.311)
    (4, 111.362)
    (5, 220.950)
    (6, 439.312)
    (7, 875.082)

=== InsPIRe ===
  4kb:
    (1, 31.245)
    (2, 62.123)
    (3, 96.771)
    (4, 192.807)
    (5, 330.670)
    (6, 659.871)
    (7, 1209.849)
  8kb:
    (1, 15.806)
    (2, 31.245)
    (3, 48.752)
    (4, 96.771)
    (5, 166.071)
    (6, 330.670)
    (7, 606.393)
  16kb:
    (1, 24.743)
    (2, 48.752)
    (3, 83.770)
    (4, 166.071)
    (5, 304.666)
    (6, 606.393)
    (7, 1157.843)
  64kb:
    (1, 22.045)
    (2, 42.620)
    (3, 78.370)
    (4, 153.802)
    (5, 293.869)
    (6, 581.861)
    (7, 1136.247)

=== VIA ===
  4kb:
    (1, 138.208)
    (2, 276.408)
    (3, 552.809)
    (4, 1105.611)
    (5, 2211.215)
    (6, 4422.423)
    (7, 8844.840)
  8kb:
    (1, 69.107)
    (2, 138.208)
    (3, 276.408)
    (4, 552.809)
    (5, 1105.611)
    (6, 2211.215)
    (7, 4422.423)
  16kb:
    (1, 138.208)
    (2, 276.408)
    (3, 552.809)
    (4, 1105.611)
    (5, 2211.215)
    (6, 4422.423)
    (7, 8844.840)
  64kb:
    (1, 138.208)
    (2, 276.408)
    (3, 552.809)
    (4, 1105.611)
    (5, 2211.215)
    (6, 4422.423)
    (7, 8844.840)

=== Piano ===
  4kb:
    (1, 0.000)
    (2, 0.000)
    (3, 0.000)
    (4, 0.000)
    (5, 0.000)
    (6, 0.000)
    (7, 0.000)
  8kb:
    (1, 0.000)
    (2, 0.000)
    (3, 0.000)
    (4, 0.000)
    (5, 0.000)
    (6, 0.000)
    (7, 0.000)
  16kb:
    (1, 0.000)
    (2, 0.000)
    (3, 0.000)
    (4, 0.000)
    (5, 0.000)
    (6, 0.000)
    (7, 0.000)
  64kb:
    (1, 0.000)
    (2, 0.000)
    (3, 0.000)
    (4, 0.000)
    (5, 0.000)
    (6, 0.000)
    (7, 0.000)

=== RMS ===
  4kb:
    (1, 0.000)
    (2, 0.000)
    (3, 0.000)
    (4, 0.000)
    (5, 0.000)
    (6, 0.000)
    (7, 0.000)
  8kb:
    (1, 0.000)
    (2, 0.000)
    (3, 0.000)
    (4, 0.000)
    (5, 0.000)
    (6, 0.000)
    (7, 0.000)
  16kb:
    (1, 0.000)
    (2, 0.000)
    (3, 0.000)
    (4, 0.000)
    (5, 0.000)
    (6, 0.000)
    (7, 0.000)
  64kb:
    (1, 0.000)
    (2, 0.000)
    (3, 0.000)
    (4, 0.000)
    (5, 0.000)
    (6, 0.000)
    (7, 0.000)

=== Escape ===
  4kb:
    (1, 0.259)
    (2, 0.258)
    (3, 0.299)
    (4, 0.377)
    (5, 0.371)
    (6, 0.544)
    (7, 0.536)
  8kb:
    (1, 0.404)
    (2, 0.432)
    (3, 0.461)
    (4, 0.454)
    (5, 0.503)
    (6, 0.585)
    (7, 0.591)
  16kb:
    (1, 0.870)
    (2, 0.882)
    (3, 0.859)
    (4, 0.826)
    (5, 0.912)
    (6, 1.078)
    (7, 1.054)
  64kb:
    (1, 3.130)
    (2, 3.351)
    (3, 3.141)
    (4, 3.249)
    (5, 3.463)
    (6, 3.494)
    (7, 3.599)
