End-to-end latency (qgen + upload + server + download, seconds), per (scheme, block).
log2N reindexed 1..K within each block; each line: (idx, total_s).
Piano / RMS: bandwidth-only latency at 70 Mbps (no server compute).
Escape: end-to-end as reported in its logs.

=== SimplePIR ===
  4kb:
    (1, 15.552)
    (2, 29.948)
    (3, 58.239)
    (4, 114.117)
    (5, 224.874)
    (6, 444.954)
    (7, 883.077)
  8kb:
    (1, 8.180)
    (2, 15.552)
    (3, 29.948)
    (4, 58.234)
    (5, 114.113)
    (6, 224.869)
    (7, 444.950)
  16kb:
    (1, 15.552)
    (2, 29.948)
    (3, 58.234)
    (4, 114.103)
    (5, 224.860)
    (6, 444.941)
    (7, 883.071)
  64kb:
    (1, 15.504)
    (2, 29.931)
    (3, 58.234)
    (4, 114.103)
    (5, 224.860)
    (6, 444.887)
    (7, 883.034)

=== InsPIRe ===
  4kb:
    (1, 31.706)
    (2, 63.004)
    (3, 97.675)
    (4, 194.549)
    (5, 332.457)
    (6, 663.336)
    (7, 1213.404)
  8kb:
    (1, 16.057)
    (2, 31.706)
    (3, 49.236)
    (4, 97.675)
    (5, 167.020)
    (6, 332.457)
    (7, 608.270)
  16kb:
    (1, 25.017)
    (2, 49.236)
    (3, 84.299)
    (4, 167.020)
    (5, 305.705)
    (6, 608.270)
    (7, 1159.900)
  64kb:
    (1, 22.260)
    (2, 42.939)
    (3, 78.779)
    (4, 154.421)
    (5, 294.668)
    (6, 583.080)
    (7, 1137.825)

=== VIA ===
  4kb:
    (1, 138.289)
    (2, 276.491)
    (3, 552.894)
    (4, 1105.702)
    (5, 2211.308)
    (6, 4422.518)
    (7, 8844.937)
  8kb:
    (1, 69.182)
    (2, 138.289)
    (3, 276.491)
    (4, 552.894)
    (5, 1105.698)
    (6, 2211.308)
    (7, 4422.518)
  16kb:
    (1, 138.289)
    (2, 276.495)
    (3, 552.898)
    (4, 1105.702)
    (5, 2211.308)
    (6, 4422.522)
    (7, 8844.941)
  64kb:
    (1, 138.317)
    (2, 276.519)
    (3, 552.922)
    (4, 1105.730)
    (5, 2211.336)
    (6, 4422.546)
    (7, 8844.965)

=== Piano ===
  4kb:
    (1, 7.670)
    (2, 10.850)
    (3, 15.350)
    (4, 21.700)
    (5, 30.690)
    (6, 43.410)
    (7, 61.390)
  8kb:
    (1, 7.670)
    (2, 10.850)
    (3, 15.340)
    (4, 21.700)
    (5, 30.690)
    (6, 43.400)
    (7, 61.370)
  16kb:
    (1, 15.340)
    (2, 21.690)
    (3, 30.680)
    (4, 43.390)
    (5, 61.360)
    (6, 86.780)
    (7, 122.730)
  64kb:
    (1, 30.680)
    (2, 43.390)
    (3, 61.360)
    (4, 86.770)
    (5, 122.720)
    (6, 173.540)
    (7, 245.430)

=== RMS ===
  4kb:
    (1, 1.100)
    (2, 1.450)
    (3, 2.050)
    (4, 2.720)
    (5, 3.850)
    (6, 5.130)
    (7, 7.250)
  8kb:
    (1, 1.180)
    (2, 1.550)
    (3, 2.190)
    (4, 2.900)
    (5, 4.100)
    (6, 5.430)
    (7, 7.680)
  16kb:
    (1, 2.360)
    (2, 3.100)
    (3, 4.380)
    (4, 5.790)
    (5, 8.190)
    (6, 10.860)
    (7, 15.350)
  64kb:
    (1, 5.110)
    (2, 6.670)
    (3, 9.440)
    (4, 12.390)
    (5, 17.530)
    (6, 23.130)
    (7, 32.720)

=== Escape ===
  4kb:
    (1, 0.596)
    (2, 0.599)
    (3, 0.887)
    (4, 1.428)
    (5, 1.436)
    (6, 2.580)
    (7, 2.547)
  8kb:
    (1, 0.594)
    (2, 0.663)
    (3, 0.801)
    (4, 0.801)
    (5, 1.099)
    (6, 1.658)
    (7, 1.664)
  16kb:
    (1, 1.010)
    (2, 1.103)
    (3, 1.252)
    (4, 1.267)
    (5, 1.522)
    (6, 2.167)
    (7, 2.156)
  64kb:
    (1, 3.441)
    (2, 3.581)
    (3, 3.568)
    (4, 3.619)
    (5, 3.836)
    (6, 3.799)
    (7, 4.370)
