Paper values (Figure 10): Compute delay (client_qgen + server, seconds), per (scheme, block).
log2N reindexed 1..K within each block; each line: (idx, total_s).

=== SimplePIR ===
  8kb:
    (1, 7.150)
    (2, 13.874)
    (3, 27.134)
    (4, 53.381)
    (5, 105.511)
    (6, 209.240)
    (7, 415.936)
  16kb:
    (1, 13.874)
    (2, 27.134)
    (3, 53.381)
    (4, 105.502)
    (5, 209.231)
    (6, 415.927)
    (7, 828.242)
  64kb:
    (1, 13.826)
    (2, 27.117)
    (3, 53.381)
    (4, 105.502)
    (5, 209.231)
    (6, 415.874)
    (7, 828.206)

=== InsPIRe ===
  8kb:
    (1, 13.636)
    (2, 26.904)
    (3, 40.070)
    (4, 79.407)
    (5, 131.343)
    (6, 261.215)
    (7, 467.483)
  16kb:
    (1, 20.402)
    (2, 40.070)
    (3, 66.406)
    (4, 131.343)
    (5, 235.211)
    (6, 467.483)
    (7, 880.023)
  64kb:
    (1, 17.704)
    (2, 33.938)
    (3, 61.006)
    (4, 119.074)
    (5, 224.414)
    (6, 442.951)
    (7, 858.427)

=== VIA ===
  8kb:
    (1, 53.767)
    (2, 107.527)
    (3, 215.047)
    (4, 430.087)
    (5, 860.167)
    (6, 1720.327)
    (7, 3440.647)
  16kb:
    (1, 107.527)
    (2, 215.047)
    (3, 430.087)
    (4, 860.167)
    (5, 1720.327)
    (6, 3440.647)
    (7, 6881.287)
  64kb:
    (1, 107.527)
    (2, 215.047)
    (3, 430.087)
    (4, 860.167)
    (5, 1720.327)
    (6, 3440.647)
    (7, 6881.287)

=== Piano ===
  8kb:
    (1, 0.05)
    (2, 0.05)
    (3, 0.05)
    (4, 0.05)
    (5, 0.05)
    (6, 0.05)
    (7, 0.05)
  16kb:
    (1, 0.1)
    (2, 0.1)
    (3, 0.1)
    (4, 0.1)
    (5, 0.1)
    (6, 0.1)
    (7, 0.1)
  64kb:
    (1, 0.2)
    (2, 0.2)
    (3, 0.2)
    (4, 0.2)
    (5, 0.2)
    (6, 0.2)
    (7, 0.2)

=== RMS ===
  8kb:
    (1, 0.05)
    (2, 0.05)
    (3, 0.05)
    (4, 0.05)
    (5, 0.05)
    (6, 0.05)
    (7, 0.05)
  16kb:
    (1, 0.1)
    (2, 0.1)
    (3, 0.1)
    (4, 0.1)
    (5, 0.1)
    (6, 0.1)
    (7, 0.1)
  64kb:
    (1, 0.2)
    (2, 0.2)
    (3, 0.2)
    (4, 0.2)
    (5, 0.2)
    (6, 0.2)
    (7, 0.2)

=== Escape ===
  8kb:
    (1, 0.404)
    (2, 0.432)
    (3, 0.461)
    (4, 0.454)
    (5, 0.503)
    (6, 0.585)
    (7, 0.591)
  16kb:
    (1, 0.870)
    (2, 0.882)
    (3, 0.859)
    (4, 0.826)
    (5, 0.912)
    (6, 1.078)
    (7, 1.054)
  64kb:
    (1, 3.130)
    (2, 3.351)
    (3, 3.141)
    (4, 3.249)
    (5, 3.463)
    (6, 3.494)
    (7, 3.599)
