Paper values (Figure 10): End-to-end latency (s), per (scheme, block).
log2N reindexed 1..K within each block; each line: (idx, total_s).

=== SimplePIR ===
  8kb:
    (1, 7.814)
    (2, 14.820)
    (3, 28.483)
    (4, 55.304)
    (5, 108.253)
    (6, 213.150)
    (7, 421.512)
  16kb:
    (1, 14.820)
    (2, 28.483)
    (3, 55.304)
    (4, 108.243)
    (5, 213.141)
    (6, 421.503)
    (7, 836.195)
  64kb:
    (1, 14.772)
    (2, 28.466)
    (3, 55.304)
    (4, 108.243)
    (5, 213.141)
    (6, 421.449)
    (7, 836.158)

=== InsPIRe ===
  8kb:
    (1, 13.9)
    (2, 27.4)
    (3, 40.6)
    (4, 80.3)
    (5, 132.3)
    (6, 263.0)
    (7, 469.4)
  16kb:
    (1, 20.7)
    (2, 40.6)
    (3, 66.9)
    (4, 132.3)
    (5, 236.2)
    (6, 469.4)
    (7, 882.1)
  64kb:
    (1, 17.9)
    (2, 34.3)
    (3, 61.4)
    (4, 119.7)
    (5, 225.2)
    (6, 444.2)
    (7, 860.0)

=== VIA ===
  8kb:
    (1, 53.842)
    (2, 107.608)
    (3, 215.130)
    (4, 430.172)
    (5, 860.254)
    (6, 1720.420)
    (7, 3440.742)
  16kb:
    (1, 107.608)
    (2, 215.134)
    (3, 430.176)
    (4, 860.258)
    (5, 1720.420)
    (6, 3440.746)
    (7, 6881.388)
  64kb:
    (1, 107.636)
    (2, 215.158)
    (3, 430.200)
    (4, 860.286)
    (5, 1720.448)
    (6, 3440.770)
    (7, 6881.412)

=== Piano ===
  8kb:
    (1, 7.67)
    (2, 10.85)
    (3, 15.34)
    (4, 21.70)
    (5, 30.69)
    (6, 43.40)
    (7, 61.37)
  16kb:
    (1, 15.34)
    (2, 21.69)
    (3, 30.68)
    (4, 43.39)
    (5, 61.36)
    (6, 86.78)
    (7, 122.73)
  64kb:
    (1, 30.68)
    (2, 43.39)
    (3, 61.36)
    (4, 86.77)
    (5, 122.72)
    (6, 173.54)
    (7, 245.43)

=== RMS ===
  8kb:
    (1, 1.18)
    (2, 1.55)
    (3, 2.19)
    (4, 2.90)
    (5, 4.10)
    (6, 5.43)
    (7, 7.68)
  16kb:
    (1, 2.36)
    (2, 3.10)
    (3, 4.38)
    (4, 5.79)
    (5, 8.19)
    (6, 10.86)
    (7, 15.35)
  64kb:
    (1, 5.11)
    (2, 6.67)
    (3, 9.44)
    (4, 12.39)
    (5, 17.53)
    (6, 23.13)
    (7, 32.72)

=== Escape ===
  8kb:
    (1, 0.59)
    (2, 0.66)
    (3, 0.80)
    (4, 0.80)
    (5, 1.10)
    (6, 1.48)
    (7, 1.66)
  16kb:
    (1, 1.01)
    (2, 1.10)
    (3, 1.25)
    (4, 1.27)
    (5, 1.52)
    (6, 2.17)
    (7, 2.16)
  64kb:
    (1, 3.44)
    (2, 3.58)
    (3, 3.57)
    (4, 3.62)
    (5, 3.84)
    (6, 3.80)
    (7, 4.37)
